layout_spectrum: 0.6851064
color:
  saturation: 0.793617
  lightness: 0.5425532
  brandStrength: 0.8015254
  rhythmicContrast: 0.7340425
typography_spectrum: 0.5617021
name: Shuggeffect
